0.000000
1.000000
2.000000
3.000000
4.000000
5.000000
6.000000
7.000000
8.000000
10.000000
12.000000
14.000000
16.000000
18.000000
20.000000
22.000000
24.000000
27.000000
30.000000
33.000000
36.000000
39.000000
42.000000
45.000000
48.000000
52.000000
56.000000
60.000000
64.000000
68.000000
72.000000
76.000000
80.000000
85.000000
90.000000
95.000000
100.000000
105.000000
110.000000
115.000000
120.000000
126.000000
132.000000
138.000000
144.000000
150.000000
156.000000
162.000000
168.000000
175.000000
182.000000
189.000000
196.000000
203.000000
210.000000
215.000000
220.000000
226.000000
232.000000
238.000000
244.000000
250.000000
256.000000
260.000000
264.000000
269.000000
274.000000
279.000000
284.000000
289.000000
294.000000
297.000000
300.000000
304.000000
308.000000
312.000000
316.000000
320.000000
324.000000
326.000000
328.000000
331.000000
334.000000
337.000000
340.000000
343.000000
346.000000
347.000000
348.000000
350.000000
352.000000
354.000000
356.000000
358.000000
360.000000
360.000000
360.000000
361.000000
362.000000
363.000000
364.000000
365.000000
366.000000
365.000000
364.000000
364.000000
364.000000
364.000000
364.000000
